Number of vertexs in solution: 1491
It's a Positive Influence Dominator Set
It's NOT minimal! Redundant vertex: 63


	0
(D) 	1
	2
	3
(D) 	4
	5
(D) 	6
	7
	8
	9
(D) 	10
	11
	12
(D) 	13
(D) 	14
(D) 	15
	16
	17
	18
	19
	20
	21
(D) 	22
	23
	24
(D) 	25
(D) 	26
	27
	28
(D) 	29
(D) 	30
	31
(D) 	32
(D) 	33
	34
	35
	36
(D) 	37
	38
	39
	40
(D) 	41
(D) 	42
(D) 	43
	44
	45
	46
	47
(D) 	48
(D) 	49
(D) 	50
	51
(D) 	52
	53
(D) 	54
	55
	56
	57
	58
	59
	60
	61
(D) 	62
(D) 	63
(D) 	64
	65
(D) 	66
(D) 	67
	68
	69
(D) 	70
(D) 	71
(D) 	72
	73
(D) 	74
(D) 	75
(D) 	76
(D) 	77
	78
	79
	80
	81
	82
	83
(D) 	84
(D) 	85
(D) 	86
	87
(D) 	88
(D) 	89
	90
	91
	92
	93
	94
(D) 	95
	96
	97
	98
	99
	100
	101
	102
	103
(D) 	104
(D) 	105
(D) 	106
	107
(D) 	108
	109
	110
	111
	112
	113
	114
	115
	116
	117
(D) 	118
	119
	120
(D) 	121
(D) 	122
	123
	124
(D) 	125
	126
(D) 	127
(D) 	128
(D) 	129
(D) 	130
(D) 	131
(D) 	132
(D) 	133
	134
(D) 	135
	136
	137
	138
(D) 	139
	140
	141
	142
(D) 	143
(D) 	144
	145
(D) 	146
	147
	148
(D) 	149
(D) 	150
	151
	152
(D) 	153
(D) 	154
	155
	156
	157
(D) 	158
(D) 	159
	160
(D) 	161
	162
(D) 	163
	164
(D) 	165
(D) 	166
	167
	168
	169
(D) 	170
(D) 	171
	172
(D) 	173
(D) 	174
	175
	176
	177
	178
	179
	180
(D) 	181
(D) 	182
	183
	184
(D) 	185
	186
	187
(D) 	188
	189
	190
	191
(D) 	192
	193
(D) 	194
	195
	196
(D) 	197
(D) 	198
	199
	200
	201
(D) 	202
	203
	204
	205
(D) 	206
	207
	208
	209
(D) 	210
	211
(D) 	212
(D) 	213
(D) 	214
	215
	216
(D) 	217
(D) 	218
	219
	220
(D) 	221
	222
(D) 	223
(D) 	224
(D) 	225
(D) 	226
	227
	228
	229
(D) 	230
	231
	232
(D) 	233
(D) 	234
(D) 	235
(D) 	236
(D) 	237
(D) 	238
(D) 	239
	240
	241
	242
(D) 	243
(D) 	244
	245
	246
(D) 	247
(D) 	248
(D) 	249
(D) 	250
	251
	252
	253
(D) 	254
	255
	256
(D) 	257
	258
	259
	260
(D) 	261
	262
	263
	264
	265
	266
	267
	268
(D) 	269
(D) 	270
(D) 	271
	272
	273
	274
(D) 	275
(D) 	276
(D) 	277
(D) 	278
	279
	280
	281
	282
(D) 	283
(D) 	284
(D) 	285
	286
(D) 	287
(D) 	288
(D) 	289
(D) 	290
(D) 	291
	292
	293
(D) 	294
	295
	296
(D) 	297
(D) 	298
	299
(D) 	300
	301
(D) 	302
(D) 	303
(D) 	304
(D) 	305
	306
	307
(D) 	308
(D) 	309
	310
	311
	312
(D) 	313
	314
(D) 	315
(D) 	316
	317
(D) 	318
(D) 	319
(D) 	320
(D) 	321
(D) 	322
(D) 	323
	324
(D) 	325
(D) 	326
	327
(D) 	328
	329
(D) 	330
(D) 	331
(D) 	332
	333
	334
(D) 	335
	336
	337
	338
(D) 	339
(D) 	340
(D) 	341
	342
	343
	344
(D) 	345
(D) 	346
	347
	348
(D) 	349
(D) 	350
(D) 	351
(D) 	352
(D) 	353
	354
	355
	356
(D) 	357
(D) 	358
	359
	360
(D) 	361
	362
	363
	364
	365
(D) 	366
	367
	368
	369
(D) 	370
	371
	372
(D) 	373
	374
(D) 	375
	376
	377
	378
(D) 	379
	380
	381
	382
	383
	384
	385
	386
	387
	388
(D) 	389
	390
(D) 	391
(D) 	392
	393
(D) 	394
	395
(D) 	396
	397
	398
(D) 	399
	400
	401
	402
	403
	404
(D) 	405
(D) 	406
	407
(D) 	408
	409
(D) 	410
	411
(D) 	412
	413
(D) 	414
(D) 	415
	416
	417
(D) 	418
	419
	420
(D) 	421
	422
	423
(D) 	424
(D) 	425
	426
(D) 	427
(D) 	428
	429
(D) 	430
(D) 	431
	432
	433
	434
	435
(D) 	436
	437
(D) 	438
(D) 	439
	440
(D) 	441
	442
	443
(D) 	444
(D) 	445
(D) 	446
(D) 	447
	448
	449
	450
	451
	452
(D) 	453
	454
	455
	456
	457
	458
	459
	460
(D) 	461
	462
	463
(D) 	464
	465
	466
	467
	468
	469
	470
(D) 	471
	472
(D) 	473
	474
	475
	476
(D) 	477
(D) 	478
	479
	480
(D) 	481
	482
	483
	484
	485
	486
	487
(D) 	488
	489
	490
(D) 	491
(D) 	492
	493
(D) 	494
	495
(D) 	496
	497
	498
	499
	500
	501
(D) 	502
(D) 	503
	504
(D) 	505
	506
(D) 	507
	508
(D) 	509
(D) 	510
(D) 	511
(D) 	512
(D) 	513
(D) 	514
	515
(D) 	516
	517
(D) 	518
	519
(D) 	520
	521
	522
	523
	524
(D) 	525
	526
(D) 	527
	528
	529
(D) 	530
	531
	532
	533
	534
	535
	536
	537
	538
(D) 	539
(D) 	540
	541
(D) 	542
	543
(D) 	544
(D) 	545
	546
	547
	548
	549
	550
(D) 	551
	552
(D) 	553
	554
(D) 	555
	556
	557
	558
	559
(D) 	560
(D) 	561
(D) 	562
	563
(D) 	564
	565
(D) 	566
(D) 	567
	568
(D) 	569
	570
	571
	572
(D) 	573
(D) 	574
	575
(D) 	576
(D) 	577
(D) 	578
	579
(D) 	580
	581
	582
	583
	584
	585
	586
	587
	588
	589
	590
	591
(D) 	592
(D) 	593
(D) 	594
	595
	596
(D) 	597
	598
	599
(D) 	600
(D) 	601
	602
	603
(D) 	604
	605
(D) 	606
	607
	608
	609
	610
	611
	612
(D) 	613
	614
	615
	616
	617
	618
	619
	620
	621
(D) 	622
	623
	624
(D) 	625
(D) 	626
(D) 	627
	628
(D) 	629
(D) 	630
	631
(D) 	632
	633
	634
(D) 	635
	636
(D) 	637
	638
(D) 	639
(D) 	640
	641
	642
	643
	644
(D) 	645
	646
	647
	648
	649
	650
	651
	652
	653
	654
	655
	656
(D) 	657
	658
(D) 	659
(D) 	660
(D) 	661
	662
	663
(D) 	664
(D) 	665
	666
	667
(D) 	668
(D) 	669
(D) 	670
	671
(D) 	672
	673
	674
(D) 	675
	676
(D) 	677
(D) 	678
(D) 	679
	680
	681
	682
(D) 	683
(D) 	684
	685
	686
	687
	688
(D) 	689
	690
(D) 	691
	692
	693
(D) 	694
	695
(D) 	696
	697
(D) 	698
(D) 	699
	700
	701
	702
(D) 	703
	704
	705
	706
	707
(D) 	708
	709
	710
(D) 	711
	712
	713
(D) 	714
	715
	716
	717
	718
(D) 	719
	720
	721
	722
	723
(D) 	724
(D) 	725
	726
	727
	728
	729
	730
(D) 	731
(D) 	732
	733
	734
(D) 	735
	736
(D) 	737
	738
	739
	740
(D) 	741
(D) 	742
	743
	744
(D) 	745
(D) 	746
	747
	748
	749
	750
(D) 	751
(D) 	752
	753
	754
	755
(D) 	756
	757
	758
	759
	760
(D) 	761
	762
(D) 	763
(D) 	764
(D) 	765
(D) 	766
	767
(D) 	768
	769
(D) 	770
	771
	772
	773
	774
	775
	776
	777
	778
	779
(D) 	780
	781
	782
(D) 	783
(D) 	784
(D) 	785
	786
	787
	788
(D) 	789
(D) 	790
	791
	792
	793
	794
	795
	796
	797
	798
	799
(D) 	800
(D) 	801
(D) 	802
	803
(D) 	804
	805
	806
(D) 	807
(D) 	808
	809
	810
(D) 	811
	812
(D) 	813
(D) 	814
	815
(D) 	816
	817
(D) 	818
	819
(D) 	820
	821
(D) 	822
	823
	824
	825
	826
	827
(D) 	828
	829
	830
(D) 	831
(D) 	832
	833
	834
	835
(D) 	836
(D) 	837
	838
(D) 	839
(D) 	840
(D) 	841
	842
(D) 	843
	844
	845
	846
	847
	848
	849
	850
	851
	852
	853
	854
	855
	856
(D) 	857
(D) 	858
	859
	860
	861
	862
	863
	864
	865
	866
	867
	868
	869
	870
	871
(D) 	872
	873
(D) 	874
	875
(D) 	876
(D) 	877
(D) 	878
(D) 	879
	880
	881
	882
(D) 	883
(D) 	884
	885
	886
	887
	888
(D) 	889
(D) 	890
(D) 	891
	892
(D) 	893
	894
(D) 	895
(D) 	896
	897
(D) 	898
	899
(D) 	900
(D) 	901
(D) 	902
	903
(D) 	904
(D) 	905
(D) 	906
(D) 	907
	908
	909
(D) 	910
(D) 	911
(D) 	912
	913
	914
(D) 	915
	916
	917
	918
	919
	920
	921
(D) 	922
	923
	924
(D) 	925
	926
	927
	928
(D) 	929
(D) 	930
	931
(D) 	932
	933
(D) 	934
	935
	936
	937
(D) 	938
	939
	940
(D) 	941
	942
	943
	944
	945
	946
	947
(D) 	948
(D) 	949
(D) 	950
(D) 	951
	952
	953
	954
	955
(D) 	956
	957
	958
	959
	960
	961
	962
	963
(D) 	964
	965
(D) 	966
(D) 	967
(D) 	968
	969
	970
	971
	972
(D) 	973
	974
	975
	976
	977
	978
	979
(D) 	980
	981
	982
	983
	984
	985
(D) 	986
(D) 	987
	988
	989
	990
	991
	992
	993
(D) 	994
(D) 	995
	996
	997
(D) 	998
	999
(D) 	1000
(D) 	1001
(D) 	1002
(D) 	1003
	1004
	1005
(D) 	1006
(D) 	1007
(D) 	1008
(D) 	1009
	1010
	1011
(D) 	1012
(D) 	1013
	1014
	1015
	1016
	1017
	1018
(D) 	1019
(D) 	1020
(D) 	1021
(D) 	1022
(D) 	1023
	1024
	1025
	1026
	1027
	1028
(D) 	1029
	1030
	1031
(D) 	1032
	1033
	1034
(D) 	1035
(D) 	1036
	1037
(D) 	1038
	1039
(D) 	1040
	1041
(D) 	1042
	1043
	1044
	1045
	1046
	1047
(D) 	1048
(D) 	1049
	1050
	1051
(D) 	1052
(D) 	1053
	1054
(D) 	1055
(D) 	1056
	1057
	1058
	1059
	1060
(D) 	1061
(D) 	1062
(D) 	1063
	1064
	1065
	1066
	1067
	1068
	1069
(D) 	1070
(D) 	1071
	1072
	1073
(D) 	1074
	1075
	1076
	1077
(D) 	1078
	1079
	1080
(D) 	1081
(D) 	1082
	1083
(D) 	1084
(D) 	1085
(D) 	1086
	1087
(D) 	1088
	1089
(D) 	1090
	1091
	1092
	1093
	1094
	1095
(D) 	1096
	1097
	1098
	1099
(D) 	1100
	1101
	1102
(D) 	1103
	1104
	1105
(D) 	1106
(D) 	1107
	1108
(D) 	1109
	1110
	1111
	1112
(D) 	1113
	1114
	1115
	1116
	1117
	1118
(D) 	1119
(D) 	1120
	1121
	1122
(D) 	1123
	1124
	1125
(D) 	1126
	1127
	1128
(D) 	1129
	1130
	1131
(D) 	1132
(D) 	1133
(D) 	1134
	1135
(D) 	1136
(D) 	1137
	1138
	1139
(D) 	1140
	1141
	1142
(D) 	1143
	1144
	1145
	1146
	1147
	1148
(D) 	1149
(D) 	1150
	1151
	1152
	1153
	1154
(D) 	1155
	1156
	1157
	1158
	1159
	1160
	1161
(D) 	1162
(D) 	1163
	1164
	1165
	1166
	1167
(D) 	1168
	1169
(D) 	1170
	1171
(D) 	1172
(D) 	1173
	1174
	1175
	1176
(D) 	1177
(D) 	1178
(D) 	1179
	1180
	1181
	1182
	1183
	1184
(D) 	1185
	1186
	1187
(D) 	1188
	1189
	1190
	1191
	1192
	1193
(D) 	1194
	1195
(D) 	1196
(D) 	1197
(D) 	1198
(D) 	1199
	1200
	1201
	1202
(D) 	1203
	1204
	1205
	1206
	1207
(D) 	1208
	1209
	1210
	1211
	1212
	1213
(D) 	1214
	1215
	1216
	1217
	1218
(D) 	1219
(D) 	1220
(D) 	1221
	1222
	1223
(D) 	1224
(D) 	1225
(D) 	1226
(D) 	1227
	1228
	1229
	1230
	1231
(D) 	1232
	1233
(D) 	1234
(D) 	1235
	1236
	1237
	1238
	1239
	1240
	1241
(D) 	1242
(D) 	1243
(D) 	1244
(D) 	1245
(D) 	1246
	1247
	1248
	1249
	1250
(D) 	1251
	1252
	1253
	1254
(D) 	1255
(D) 	1256
	1257
	1258
	1259
	1260
	1261
(D) 	1262
	1263
	1264
	1265
	1266
(D) 	1267
	1268
(D) 	1269
	1270
	1271
	1272
	1273
(D) 	1274
	1275
(D) 	1276
	1277
	1278
(D) 	1279
	1280
	1281
	1282
	1283
	1284
(D) 	1285
	1286
(D) 	1287
	1288
(D) 	1289
(D) 	1290
(D) 	1291
(D) 	1292
(D) 	1293
(D) 	1294
(D) 	1295
	1296
(D) 	1297
(D) 	1298
	1299
	1300
	1301
	1302
	1303
	1304
	1305
	1306
	1307
	1308
	1309
	1310
	1311
	1312
	1313
	1314
	1315
	1316
	1317
(D) 	1318
	1319
(D) 	1320
(D) 	1321
(D) 	1322
	1323
(D) 	1324
	1325
	1326
(D) 	1327
(D) 	1328
(D) 	1329
	1330
	1331
	1332
(D) 	1333
(D) 	1334
(D) 	1335
	1336
	1337
	1338
	1339
(D) 	1340
	1341
	1342
	1343
(D) 	1344
(D) 	1345
	1346
	1347
(D) 	1348
	1349
	1350
	1351
	1352
	1353
	1354
(D) 	1355
(D) 	1356
(D) 	1357
	1358
(D) 	1359
(D) 	1360
	1361
(D) 	1362
	1363
(D) 	1364
(D) 	1365
	1366
(D) 	1367
	1368
	1369
	1370
(D) 	1371
	1372
	1373
	1374
	1375
(D) 	1376
	1377
	1378
	1379
(D) 	1380
	1381
(D) 	1382
(D) 	1383
	1384
	1385
	1386
	1387
(D) 	1388
	1389
(D) 	1390
	1391
	1392
	1393
	1394
	1395
	1396
(D) 	1397
(D) 	1398
	1399
	1400
	1401
	1402
	1403
	1404
	1405
	1406
	1407
	1408
(D) 	1409
	1410
	1411
(D) 	1412
	1413
	1414
(D) 	1415
	1416
	1417
	1418
	1419
(D) 	1420
	1421
	1422
	1423
(D) 	1424
	1425
	1426
	1427
(D) 	1428
	1429
(D) 	1430
	1431
	1432
	1433
	1434
(D) 	1435
	1436
	1437
	1438
(D) 	1439
	1440
	1441
(D) 	1442
(D) 	1443
	1444
	1445
	1446
	1447
	1448
(D) 	1449
	1450
	1451
	1452
	1453
(D) 	1454
(D) 	1455
(D) 	1456
(D) 	1457
(D) 	1458
	1459
	1460
	1461
(D) 	1462
(D) 	1463
(D) 	1464
	1465
	1466
	1467
(D) 	1468
(D) 	1469
(D) 	1470
(D) 	1471
	1472
	1473
(D) 	1474
	1475
(D) 	1476
(D) 	1477
(D) 	1478
	1479
	1480
	1481
	1482
(D) 	1483
(D) 	1484
	1485
(D) 	1486
	1487
(D) 	1488
	1489
(D) 	1490
(D) 	1491
(D) 	1492
	1493
	1494
(D) 	1495
(D) 	1496
	1497
	1498
	1499
(D) 	1500
	1501
	1502
(D) 	1503
(D) 	1504
	1505
(D) 	1506
(D) 	1507
(D) 	1508
(D) 	1509
	1510
	1511
	1512
	1513
	1514
	1515
(D) 	1516
(D) 	1517
(D) 	1518
	1519
	1520
(D) 	1521
	1522
	1523
(D) 	1524
(D) 	1525
	1526
	1527
	1528
	1529
	1530
	1531
	1532
	1533
	1534
(D) 	1535
(D) 	1536
	1537
	1538
	1539
	1540
	1541
(D) 	1542
(D) 	1543
	1544
	1545
(D) 	1546
	1547
(D) 	1548
	1549
(D) 	1550
	1551
	1552
(D) 	1553
	1554
	1555
(D) 	1556
	1557
(D) 	1558
	1559
	1560
	1561
	1562
	1563
(D) 	1564
	1565
(D) 	1566
(D) 	1567
	1568
	1569
(D) 	1570
(D) 	1571
	1572
(D) 	1573
(D) 	1574
	1575
	1576
(D) 	1577
	1578
	1579
	1580
	1581
	1582
	1583
	1584
	1585
	1586
(D) 	1587
(D) 	1588
(D) 	1589
	1590
(D) 	1591
(D) 	1592
	1593
	1594
	1595
(D) 	1596
(D) 	1597
	1598
(D) 	1599
	1600
	1601
(D) 	1602
(D) 	1603
	1604
(D) 	1605
	1606
	1607
	1608
	1609
	1610
	1611
(D) 	1612
	1613
	1614
	1615
	1616
	1617
	1618
	1619
(D) 	1620
	1621
	1622
(D) 	1623
(D) 	1624
(D) 	1625
	1626
(D) 	1627
	1628
(D) 	1629
(D) 	1630
	1631
	1632
	1633
	1634
	1635
	1636
	1637
	1638
	1639
(D) 	1640
(D) 	1641
	1642
(D) 	1643
	1644
(D) 	1645
	1646
(D) 	1647
(D) 	1648
	1649
(D) 	1650
(D) 	1651
	1652
	1653
(D) 	1654
	1655
	1656
	1657
	1658
	1659
(D) 	1660
	1661
	1662
(D) 	1663
(D) 	1664
	1665
(D) 	1666
	1667
	1668
	1669
	1670
(D) 	1671
(D) 	1672
(D) 	1673
	1674
	1675
	1676
(D) 	1677
(D) 	1678
	1679
(D) 	1680
	1681
(D) 	1682
	1683
	1684
	1685
(D) 	1686
	1687
(D) 	1688
	1689
(D) 	1690
	1691
(D) 	1692
	1693
(D) 	1694
	1695
	1696
	1697
(D) 	1698
	1699
	1700
	1701
	1702
	1703
	1704
(D) 	1705
	1706
(D) 	1707
	1708
	1709
	1710
	1711
	1712
(D) 	1713
	1714
	1715
	1716
	1717
(D) 	1718
	1719
	1720
	1721
	1722
	1723
(D) 	1724
	1725
	1726
(D) 	1727
	1728
	1729
(D) 	1730
	1731
	1732
(D) 	1733
	1734
	1735
(D) 	1736
	1737
	1738
(D) 	1739
(D) 	1740
	1741
	1742
(D) 	1743
(D) 	1744
	1745
(D) 	1746
(D) 	1747
	1748
	1749
	1750
(D) 	1751
(D) 	1752
(D) 	1753
	1754
(D) 	1755
(D) 	1756
	1757
	1758
	1759
(D) 	1760
	1761
	1762
	1763
	1764
	1765
	1766
	1767
	1768
	1769
	1770
(D) 	1771
(D) 	1772
	1773
(D) 	1774
(D) 	1775
(D) 	1776
	1777
	1778
(D) 	1779
	1780
	1781
(D) 	1782
	1783
(D) 	1784
	1785
	1786
(D) 	1787
	1788
	1789
	1790
	1791
	1792
(D) 	1793
(D) 	1794
(D) 	1795
(D) 	1796
	1797
(D) 	1798
	1799
(D) 	1800
	1801
	1802
	1803
	1804
	1805
(D) 	1806
(D) 	1807
(D) 	1808
	1809
(D) 	1810
(D) 	1811
	1812
(D) 	1813
	1814
(D) 	1815
	1816
	1817
	1818
(D) 	1819
	1820
(D) 	1821
	1822
	1823
(D) 	1824
	1825
(D) 	1826
	1827
	1828
	1829
	1830
	1831
	1832
	1833
	1834
(D) 	1835
(D) 	1836
	1837
	1838
(D) 	1839
	1840
	1841
(D) 	1842
	1843
(D) 	1844
	1845
	1846
(D) 	1847
	1848
	1849
(D) 	1850
	1851
(D) 	1852
	1853
	1854
	1855
	1856
	1857
(D) 	1858
	1859
	1860
(D) 	1861
(D) 	1862
	1863
(D) 	1864
(D) 	1865
(D) 	1866
	1867
	1868
(D) 	1869
	1870
	1871
	1872
(D) 	1873
(D) 	1874
	1875
	1876
	1877
(D) 	1878
(D) 	1879
(D) 	1880
	1881
	1882
	1883
	1884
(D) 	1885
	1886
	1887
	1888
	1889
	1890
	1891
(D) 	1892
(D) 	1893
	1894
	1895
(D) 	1896
	1897
	1898
	1899
	1900
	1901
	1902
	1903
(D) 	1904
	1905
(D) 	1906
(D) 	1907
	1908
	1909
	1910
	1911
	1912
	1913
	1914
	1915
	1916
(D) 	1917
(D) 	1918
	1919
	1920
	1921
	1922
	1923
(D) 	1924
(D) 	1925
	1926
	1927
	1928
	1929
(D) 	1930
(D) 	1931
	1932
	1933
(D) 	1934
	1935
	1936
	1937
	1938
(D) 	1939
(D) 	1940
	1941
	1942
(D) 	1943
	1944
	1945
	1946
(D) 	1947
(D) 	1948
	1949
	1950
(D) 	1951
	1952
(D) 	1953
	1954
	1955
	1956
	1957
(D) 	1958
	1959
	1960
	1961
	1962
	1963
	1964
	1965
	1966
	1967
(D) 	1968
	1969
(D) 	1970
(D) 	1971
	1972
(D) 	1973
	1974
	1975
	1976
	1977
(D) 	1978
(D) 	1979
(D) 	1980
	1981
(D) 	1982
	1983
(D) 	1984
(D) 	1985
	1986
	1987
	1988
	1989
	1990
(D) 	1991
	1992
(D) 	1993
	1994
(D) 	1995
	1996
(D) 	1997
	1998
	1999
	2000
	2001
	2002
(D) 	2003
	2004
	2005
	2006
	2007
(D) 	2008
	2009
	2010
	2011
(D) 	2012
(D) 	2013
(D) 	2014
(D) 	2015
(D) 	2016
	2017
	2018
	2019
	2020
(D) 	2021
	2022
	2023
(D) 	2024
	2025
	2026
(D) 	2027
	2028
	2029
	2030
	2031
	2032
(D) 	2033
(D) 	2034
(D) 	2035
	2036
	2037
	2038
(D) 	2039
	2040
(D) 	2041
	2042
	2043
	2044
(D) 	2045
	2046
	2047
(D) 	2048
	2049
	2050
	2051
(D) 	2052
	2053
	2054
(D) 	2055
(D) 	2056
	2057
(D) 	2058
(D) 	2059
(D) 	2060
	2061
	2062
(D) 	2063
	2064
(D) 	2065
	2066
	2067
	2068
	2069
(D) 	2070
	2071
	2072
	2073
(D) 	2074
(D) 	2075
(D) 	2076
(D) 	2077
	2078
	2079
(D) 	2080
	2081
	2082
(D) 	2083
	2084
	2085
	2086
	2087
(D) 	2088
(D) 	2089
	2090
	2091
	2092
	2093
(D) 	2094
(D) 	2095
	2096
(D) 	2097
	2098
	2099
	2100
	2101
	2102
	2103
	2104
	2105
	2106
(D) 	2107
	2108
(D) 	2109
	2110
	2111
	2112
(D) 	2113
(D) 	2114
(D) 	2115
	2116
	2117
(D) 	2118
	2119
	2120
(D) 	2121
	2122
	2123
(D) 	2124
	2125
	2126
(D) 	2127
(D) 	2128
	2129
	2130
(D) 	2131
(D) 	2132
	2133
	2134
(D) 	2135
(D) 	2136
(D) 	2137
	2138
(D) 	2139
	2140
(D) 	2141
	2142
(D) 	2143
	2144
(D) 	2145
	2146
(D) 	2147
	2148
(D) 	2149
	2150
(D) 	2151
(D) 	2152
(D) 	2153
	2154
(D) 	2155
	2156
(D) 	2157
	2158
	2159
	2160
	2161
	2162
	2163
	2164
(D) 	2165
	2166
	2167
(D) 	2168
(D) 	2169
	2170
	2171
	2172
(D) 	2173
	2174
	2175
(D) 	2176
	2177
	2178
	2179
(D) 	2180
(D) 	2181
	2182
	2183
	2184
(D) 	2185
	2186
	2187
	2188
	2189
(D) 	2190
	2191
	2192
	2193
(D) 	2194
	2195
	2196
	2197
	2198
	2199
(D) 	2200
	2201
(D) 	2202
	2203
	2204
(D) 	2205
	2206
	2207
(D) 	2208
(D) 	2209
	2210
(D) 	2211
	2212
	2213
	2214
	2215
(D) 	2216
(D) 	2217
(D) 	2218
	2219
(D) 	2220
(D) 	2221
	2222
(D) 	2223
	2224
	2225
	2226
	2227
(D) 	2228
(D) 	2229
	2230
(D) 	2231
	2232
	2233
(D) 	2234
(D) 	2235
(D) 	2236
(D) 	2237
	2238
	2239
	2240
(D) 	2241
(D) 	2242
	2243
	2244
	2245
(D) 	2246
	2247
	2248
(D) 	2249
(D) 	2250
(D) 	2251
	2252
	2253
	2254
(D) 	2255
	2256
	2257
	2258
(D) 	2259
	2260
(D) 	2261
	2262
	2263
	2264
	2265
	2266
	2267
	2268
	2269
(D) 	2270
	2271
	2272
	2273
	2274
(D) 	2275
	2276
	2277
(D) 	2278
	2279
	2280
(D) 	2281
	2282
	2283
	2284
	2285
(D) 	2286
	2287
(D) 	2288
	2289
	2290
	2291
	2292
	2293
(D) 	2294
	2295
	2296
(D) 	2297
(D) 	2298
(D) 	2299
	2300
	2301
	2302
	2303
	2304
	2305
	2306
(D) 	2307
	2308
	2309
	2310
	2311
(D) 	2312
(D) 	2313
	2314
(D) 	2315
	2316
	2317
(D) 	2318
	2319
(D) 	2320
	2321
(D) 	2322
	2323
(D) 	2324
(D) 	2325
	2326
	2327
	2328
(D) 	2329
	2330
	2331
(D) 	2332
	2333
	2334
	2335
(D) 	2336
(D) 	2337
	2338
(D) 	2339
(D) 	2340
	2341
	2342
	2343
	2344
	2345
	2346
	2347
	2348
(D) 	2349
	2350
	2351
	2352
	2353
	2354
(D) 	2355
	2356
	2357
(D) 	2358
(D) 	2359
	2360
(D) 	2361
(D) 	2362
(D) 	2363
	2364
	2365
	2366
	2367
(D) 	2368
(D) 	2369
(D) 	2370
(D) 	2371
	2372
	2373
	2374
	2375
(D) 	2376
(D) 	2377
	2378
	2379
	2380
	2381
	2382
	2383
	2384
	2385
(D) 	2386
	2387
	2388
	2389
	2390
(D) 	2391
	2392
(D) 	2393
	2394
	2395
	2396
(D) 	2397
	2398
(D) 	2399
	2400
	2401
	2402
	2403
(D) 	2404
(D) 	2405
	2406
(D) 	2407
(D) 	2408
	2409
	2410
(D) 	2411
	2412
	2413
(D) 	2414
(D) 	2415
	2416
(D) 	2417
	2418
(D) 	2419
(D) 	2420
	2421
	2422
(D) 	2423
(D) 	2424
	2425
(D) 	2426
	2427
	2428
(D) 	2429
	2430
	2431
	2432
	2433
	2434
(D) 	2435
	2436
(D) 	2437
	2438
(D) 	2439
	2440
	2441
(D) 	2442
	2443
(D) 	2444
	2445
(D) 	2446
	2447
	2448
	2449
(D) 	2450
(D) 	2451
	2452
	2453
(D) 	2454
	2455
	2456
	2457
	2458
(D) 	2459
(D) 	2460
	2461
	2462
	2463
	2464
(D) 	2465
(D) 	2466
	2467
(D) 	2468
	2469
(D) 	2470
	2471
(D) 	2472
(D) 	2473
	2474
	2475
	2476
(D) 	2477
(D) 	2478
	2479
	2480
(D) 	2481
	2482
(D) 	2483
(D) 	2484
(D) 	2485
	2486
	2487
(D) 	2488
	2489
	2490
	2491
	2492
	2493
	2494
	2495
	2496
(D) 	2497
	2498
	2499
(D) 	2500
	2501
(D) 	2502
(D) 	2503
	2504
	2505
(D) 	2506
(D) 	2507
	2508
	2509
(D) 	2510
	2511
(D) 	2512
(D) 	2513
(D) 	2514
(D) 	2515
	2516
	2517
	2518
(D) 	2519
	2520
(D) 	2521
	2522
	2523
	2524
	2525
	2526
(D) 	2527
	2528
	2529
(D) 	2530
	2531
	2532
	2533
	2534
	2535
	2536
	2537
	2538
(D) 	2539
	2540
	2541
	2542
(D) 	2543
	2544
	2545
(D) 	2546
(D) 	2547
	2548
	2549
(D) 	2550
(D) 	2551
	2552
(D) 	2553
(D) 	2554
	2555
	2556
	2557
(D) 	2558
	2559
	2560
(D) 	2561
	2562
(D) 	2563
(D) 	2564
(D) 	2565
(D) 	2566
(D) 	2567
	2568
(D) 	2569
	2570
	2571
	2572
	2573
(D) 	2574
	2575
	2576
	2577
	2578
	2579
(D) 	2580
	2581
(D) 	2582
(D) 	2583
	2584
	2585
	2586
	2587
(D) 	2588
	2589
(D) 	2590
	2591
	2592
	2593
	2594
(D) 	2595
	2596
	2597
(D) 	2598
	2599
(D) 	2600
	2601
(D) 	2602
(D) 	2603
(D) 	2604
	2605
	2606
	2607
(D) 	2608
	2609
	2610
	2611
	2612
	2613
(D) 	2614
	2615
	2616
	2617
	2618
(D) 	2619
	2620
(D) 	2621
(D) 	2622
(D) 	2623
(D) 	2624
(D) 	2625
(D) 	2626
(D) 	2627
	2628
	2629
(D) 	2630
(D) 	2631
(D) 	2632
	2633
	2634
(D) 	2635
	2636
	2637
	2638
(D) 	2639
	2640
(D) 	2641
	2642
	2643
(D) 	2644
	2645
	2646
(D) 	2647
(D) 	2648
	2649
(D) 	2650
	2651
	2652
	2653
	2654
(D) 	2655
	2656
(D) 	2657
	2658
	2659
	2660
	2661
	2662
	2663
(D) 	2664
(D) 	2665
(D) 	2666
(D) 	2667
	2668
	2669
(D) 	2670
(D) 	2671
(D) 	2672
	2673
	2674
(D) 	2675
(D) 	2676
	2677
(D) 	2678
(D) 	2679
(D) 	2680
(D) 	2681
	2682
	2683
	2684
	2685
(D) 	2686
(D) 	2687
(D) 	2688
	2689
	2690
	2691
	2692
	2693
(D) 	2694
(D) 	2695
	2696
(D) 	2697
(D) 	2698
(D) 	2699
	2700
	2701
(D) 	2702
	2703
	2704
(D) 	2705
	2706
(D) 	2707
(D) 	2708
(D) 	2709
(D) 	2710
	2711
(D) 	2712
(D) 	2713
(D) 	2714
	2715
	2716
	2717
	2718
	2719
(D) 	2720
	2721
(D) 	2722
(D) 	2723
(D) 	2724
	2725
(D) 	2726
	2727
	2728
(D) 	2729
(D) 	2730
(D) 	2731
	2732
(D) 	2733
	2734
	2735
(D) 	2736
	2737
	2738
	2739
(D) 	2740
	2741
	2742
	2743
(D) 	2744
(D) 	2745
	2746
	2747
(D) 	2748
	2749
(D) 	2750
(D) 	2751
	2752
(D) 	2753
(D) 	2754
	2755
(D) 	2756
	2757
	2758
	2759
	2760
	2761
(D) 	2762
	2763
	2764
(D) 	2765
	2766
	2767
	2768
(D) 	2769
(D) 	2770
(D) 	2771
	2772
	2773
	2774
	2775
	2776
	2777
	2778
(D) 	2779
(D) 	2780
(D) 	2781
	2782
	2783
	2784
	2785
	2786
(D) 	2787
(D) 	2788
(D) 	2789
(D) 	2790
(D) 	2791
	2792
	2793
(D) 	2794
	2795
	2796
	2797
	2798
	2799
	2800
	2801
	2802
(D) 	2803
	2804
	2805
(D) 	2806
(D) 	2807
(D) 	2808
(D) 	2809
(D) 	2810
	2811
	2812
	2813
(D) 	2814
	2815
(D) 	2816
(D) 	2817
	2818
	2819
	2820
	2821
(D) 	2822
	2823
(D) 	2824
	2825
(D) 	2826
	2827
	2828
(D) 	2829
	2830
	2831
	2832
(D) 	2833
	2834
(D) 	2835
	2836
(D) 	2837
(D) 	2838
(D) 	2839
	2840
(D) 	2841
	2842
	2843
(D) 	2844
(D) 	2845
	2846
(D) 	2847
	2848
	2849
	2850
(D) 	2851
(D) 	2852
	2853
	2854
	2855
	2856
(D) 	2857
	2858
	2859
(D) 	2860
	2861
	2862
	2863
	2864
	2865
	2866
	2867
(D) 	2868
(D) 	2869
	2870
	2871
	2872
	2873
(D) 	2874
	2875
(D) 	2876
(D) 	2877
(D) 	2878
(D) 	2879
(D) 	2880
	2881
	2882
(D) 	2883
	2884
(D) 	2885
	2886
	2887
(D) 	2888
(D) 	2889
(D) 	2890
	2891
	2892
	2893
	2894
	2895
	2896
	2897
(D) 	2898
	2899
	2900
	2901
(D) 	2902
	2903
	2904
(D) 	2905
(D) 	2906
(D) 	2907
	2908
	2909
(D) 	2910
(D) 	2911
	2912
(D) 	2913
(D) 	2914
	2915
	2916
	2917
(D) 	2918
(D) 	2919
	2920
	2921
	2922
	2923
	2924
	2925
(D) 	2926
	2927
	2928
	2929
	2930
	2931
(D) 	2932
	2933
(D) 	2934
	2935
	2936
	2937
	2938
(D) 	2939
(D) 	2940
(D) 	2941
	2942
(D) 	2943
	2944
	2945
	2946
(D) 	2947
	2948
	2949
	2950
	2951
	2952
	2953
	2954
(D) 	2955
	2956
(D) 	2957
(D) 	2958
(D) 	2959
	2960
(D) 	2961
	2962
(D) 	2963
(D) 	2964
	2965
(D) 	2966
(D) 	2967
	2968
	2969
	2970
	2971
(D) 	2972
	2973
(D) 	2974
	2975
	2976
(D) 	2977
	2978
	2979
	2980
	2981
	2982
(D) 	2983
	2984
(D) 	2985
(D) 	2986
(D) 	2987
(D) 	2988
	2989
	2990
	2991
	2992
(D) 	2993
	2994
	2995
	2996
	2997
	2998
(D) 	2999
	3000
	3001
	3002
	3003
	3004
(D) 	3005
(D) 	3006
(D) 	3007
	3008
(D) 	3009
	3010
	3011
	3012
	3013
(D) 	3014
(D) 	3015
(D) 	3016
	3017
(D) 	3018
	3019
(D) 	3020
(D) 	3021
	3022
	3023
	3024
(D) 	3025
	3026
	3027
(D) 	3028
	3029
(D) 	3030
(D) 	3031
	3032
(D) 	3033
	3034
	3035
(D) 	3036
	3037
	3038
	3039
	3040
	3041
(D) 	3042
	3043
(D) 	3044
	3045
	3046
(D) 	3047
	3048
	3049
(D) 	3050
	3051
	3052
(D) 	3053
	3054
	3055
(D) 	3056
	3057
(D) 	3058
(D) 	3059
(D) 	3060
(D) 	3061
(D) 	3062
	3063
	3064
	3065
(D) 	3066
	3067
	3068
	3069
(D) 	3070
(D) 	3071
	3072
	3073
	3074
(D) 	3075
	3076
	3077
	3078
	3079
(D) 	3080
(D) 	3081
	3082
(D) 	3083
(D) 	3084
	3085
(D) 	3086
(D) 	3087
(D) 	3088
	3089
	3090
	3091
(D) 	3092
(D) 	3093
	3094
	3095
(D) 	3096
	3097
(D) 	3098
	3099
	3100
(D) 	3101
	3102
	3103
(D) 	3104
	3105
	3106
(D) 	3107
(D) 	3108
	3109
(D) 	3110
(D) 	3111
(D) 	3112
	3113
	3114
	3115
	3116
(D) 	3117
	3118
	3119
(D) 	3120
(D) 	3121
(D) 	3122
(D) 	3123
(D) 	3124
	3125
	3126
	3127
(D) 	3128
(D) 	3129
	3130
(D) 	3131
	3132
	3133
	3134
	3135
	3136
(D) 	3137
(D) 	3138
	3139
	3140
	3141
	3142
	3143
(D) 	3144
(D) 	3145
	3146
	3147
(D) 	3148
	3149
(D) 	3150
	3151
	3152
(D) 	3153
(D) 	3154
	3155
	3156
(D) 	3157
	3158
(D) 	3159
	3160
	3161
	3162
(D) 	3163
	3164
(D) 	3165
	3166
(D) 	3167
(D) 	3168
	3169
(D) 	3170
	3171
(D) 	3172
	3173
	3174
(D) 	3175
(D) 	3176
(D) 	3177
	3178
	3179
(D) 	3180
	3181
(D) 	3182
(D) 	3183
(D) 	3184
(D) 	3185
	3186
(D) 	3187
	3188
	3189
	3190
	3191
	3192
(D) 	3193
(D) 	3194
(D) 	3195
	3196
(D) 	3197
(D) 	3198
(D) 	3199
(D) 	3200
	3201
	3202
(D) 	3203
(D) 	3204
	3205
	3206
	3207
(D) 	3208
	3209
	3210
(D) 	3211
	3212
(D) 	3213
	3214
	3215
	3216
	3217
	3218
	3219
(D) 	3220
(D) 	3221
	3222
(D) 	3223
(D) 	3224
(D) 	3225
	3226
(D) 	3227
(D) 	3228
	3229
	3230
(D) 	3231
	3232
	3233
	3234
(D) 	3235
(D) 	3236
	3237
	3238
	3239
(D) 	3240
(D) 	3241
(D) 	3242
(D) 	3243
(D) 	3244
	3245
	3246
	3247
	3248
(D) 	3249
(D) 	3250
(D) 	3251
(D) 	3252
(D) 	3253
	3254
	3255
(D) 	3256
	3257
(D) 	3258
	3259
(D) 	3260
(D) 	3261
(D) 	3262
	3263
	3264
(D) 	3265
(D) 	3266
	3267
	3268
	3269
	3270
	3271
(D) 	3272
	3273
	3274
(D) 	3275
(D) 	3276
(D) 	3277
	3278
(D) 	3279
	3280
	3281
(D) 	3282
(D) 	3283
(D) 	3284
	3285
	3286
	3287
(D) 	3288
	3289
	3290
	3291
(D) 	3292
	3293
	3294
	3295
	3296
(D) 	3297
	3298
(D) 	3299
	3300
(D) 	3301
	3302
	3303
	3304
	3305
	3306
(D) 	3307
	3308
	3309
	3310
(D) 	3311
	3312
(D) 	3313
	3314
	3315
	3316
(D) 	3317
(D) 	3318
	3319
(D) 	3320
	3321
	3322
	3323
(D) 	3324
	3325
	3326
(D) 	3327
	3328
	3329
	3330
(D) 	3331
(D) 	3332
(D) 	3333
	3334
	3335
	3336
	3337
	3338
	3339
(D) 	3340
	3341
	3342
	3343
	3344
	3345
(D) 	3346
	3347
	3348
	3349
(D) 	3350
	3351
	3352
	3353
	3354
(D) 	3355
	3356
	3357
	3358
(D) 	3359
(D) 	3360
(D) 	3361
	3362
	3363
(D) 	3364
(D) 	3365
(D) 	3366
(D) 	3367
	3368
	3369
	3370
(D) 	3371
	3372
(D) 	3373
	3374
(D) 	3375
(D) 	3376
(D) 	3377
(D) 	3378
	3379
	3380
	3381
	3382
(D) 	3383
	3384
	3385
(D) 	3386
(D) 	3387
	3388
	3389
	3390
(D) 	3391
(D) 	3392
	3393
	3394
	3395
	3396
(D) 	3397
	3398
	3399
	3400
	3401
	3402
	3403
	3404
(D) 	3405
(D) 	3406
	3407
(D) 	3408
(D) 	3409
	3410
	3411
	3412
(D) 	3413
(D) 	3414
(D) 	3415
	3416
	3417
	3418
(D) 	3419
(D) 	3420
(D) 	3421
(D) 	3422
	3423
(D) 	3424
(D) 	3425
	3426
(D) 	3427
(D) 	3428
	3429
	3430
	3431
(D) 	3432
	3433
(D) 	3434
	3435
	3436
	3437
(D) 	3438
	3439
	3440
	3441
(D) 	3442
(D) 	3443
	3444
	3445
	3446
(D) 	3447
(D) 	3448
(D) 	3449
(D) 	3450
(D) 	3451
	3452
	3453
	3454
	3455
(D) 	3456
(D) 	3457
	3458
	3459
(D) 	3460
	3461
	3462
(D) 	3463
(D) 	3464
(D) 	3465
(D) 	3466
(D) 	3467
	3468
(D) 	3469
(D) 	3470
(D) 	3471
	3472
(D) 	3473
	3474
	3475
	3476
	3477
(D) 	3478
(D) 	3479
(D) 	3480
	3481
(D) 	3482
(D) 	3483
	3484
	3485
(D) 	3486
	3487
(D) 	3488
	3489
	3490
	3491
	3492
	3493
	3494
	3495
	3496
(D) 	3497
	3498
	3499
	3500
(D) 	3501
(D) 	3502
	3503
(D) 	3504
(D) 	3505
	3506
	3507
(D) 	3508
	3509
	3510
(D) 	3511
	3512
	3513
(D) 	3514
(D) 	3515
	3516
(D) 	3517
(D) 	3518
(D) 	3519
	3520
	3521
(D) 	3522
	3523
	3524
(D) 	3525
(D) 	3526
	3527
	3528
(D) 	3529
	3530
(D) 	3531
(D) 	3532
	3533
	3534
(D) 	3535
	3536
(D) 	3537
(D) 	3538
(D) 	3539
	3540
	3541
	3542
	3543
(D) 	3544
	3545
(D) 	3546
(D) 	3547
(D) 	3548
	3549
	3550
	3551
(D) 	3552
(D) 	3553
	3554
(D) 	3555
	3556
	3557
(D) 	3558
	3559
	3560
(D) 	3561
(D) 	3562
(D) 	3563
	3564
(D) 	3565
	3566
(D) 	3567
	3568
(D) 	3569
(D) 	3570
	3571
	3572
	3573
(D) 	3574
(D) 	3575
(D) 	3576
	3577
	3578
(D) 	3579
	3580
(D) 	3581
	3582
	3583
	3584
	3585
(D) 	3586
(D) 	3587
	3588
	3589
	3590
	3591
(D) 	3592
	3593
	3594
(D) 	3595
(D) 	3596
	3597
(D) 	3598
(D) 	3599
(D) 	3600
	3601
(D) 	3602
(D) 	3603
(D) 	3604
	3605
(D) 	3606
(D) 	3607
	3608
	3609
(D) 	3610
	3611
	3612
	3613
	3614
(D) 	3615
	3616
	3617
	3618
(D) 	3619
	3620
	3621
	3622
(D) 	3623
	3624
(D) 	3625
	3626
(D) 	3627
(D) 	3628
(D) 	3629
	3630
(D) 	3631
	3632
	3633
(D) 	3634
	3635
	3636
	3637
	3638
(D) 	3639
(D) 	3640
(D) 	3641
(D) 	3642
(D) 	3643
	3644
	3645
(D) 	3646
	3647
	3648
(D) 	3649
(D) 	3650
	3651
	3652
(D) 	3653
	3654
	3655
	3656
	3657
	3658
(D) 	3659
(D) 	3660
(D) 	3661
(D) 	3662
	3663
(D) 	3664
(D) 	3665
(D) 	3666
	3667
(D) 	3668
(D) 	3669
	3670
	3671
	3672
	3673
(D) 	3674
	3675
(D) 	3676
	3677
(D) 	3678
(D) 	3679
	3680
(D) 	3681
	3682
(D) 	3683
(D) 	3684
(D) 	3685
	3686
(D) 	3687
(D) 	3688
	3689
(D) 	3690
	3691
(D) 	3692
(D) 	3693
	3694
	3695
(D) 	3696
(D) 	3697
(D) 	3698
(D) 	3699
	3700
(D) 	3701
(D) 	3702
(D) 	3703
(D) 	3704
(D) 	3705
(D) 	3706
	3707
	3708
(D) 	3709
	3710
	3711
(D) 	3712
(D) 	3713
(D) 	3714
(D) 	3715
(D) 	3716
(D) 	3717
	3718
(D) 	3719
	3720
	3721
(D) 	3722
(D) 	3723
	3724
(D) 	3725
	3726
	3727
	3728
	3729
	3730
(D) 	3731
	3732
	3733
(D) 	3734
(D) 	3735
(D) 	3736
	3737
(D) 	3738
(D) 	3739
	3740
	3741
(D) 	3742
	3743
	3744
	3745
	3746
(D) 	3747
