Number of vertexs in solution: 1533
It's a Positive Influence Dominator Set
It's NOT minimal! Redundant vertex: 7


	0
	1
	2
(D) 	3
	4
(D) 	5
	6
(D) 	7
(D) 	8
	9
	10
	11
	12
	13
(D) 	14
(D) 	15
	16
	17
	18
	19
(D) 	20
(D) 	21
(D) 	22
	23
	24
	25
(D) 	26
(D) 	27
(D) 	28
(D) 	29
	30
(D) 	31
	32
	33
(D) 	34
	35
	36
(D) 	37
(D) 	38
	39
	40
	41
(D) 	42
	43
(D) 	44
	45
	46
	47
	48
	49
	50
(D) 	51
	52
(D) 	53
	54
	55
(D) 	56
(D) 	57
(D) 	58
	59
	60
	61
(D) 	62
(D) 	63
	64
	65
(D) 	66
	67
(D) 	68
(D) 	69
	70
	71
	72
	73
	74
	75
	76
	77
	78
	79
	80
(D) 	81
	82
	83
	84
	85
	86
	87
(D) 	88
	89
(D) 	90
(D) 	91
(D) 	92
	93
	94
	95
	96
(D) 	97
(D) 	98
	99
(D) 	100
(D) 	101
	102
	103
(D) 	104
(D) 	105
(D) 	106
(D) 	107
	108
	109
(D) 	110
	111
(D) 	112
(D) 	113
	114
	115
	116
(D) 	117
(D) 	118
	119
	120
	121
(D) 	122
(D) 	123
	124
(D) 	125
(D) 	126
(D) 	127
	128
	129
	130
	131
	132
(D) 	133
	134
(D) 	135
(D) 	136
(D) 	137
	138
	139
	140
	141
(D) 	142
(D) 	143
(D) 	144
	145
	146
	147
(D) 	148
(D) 	149
	150
(D) 	151
(D) 	152
	153
	154
	155
	156
	157
	158
	159
	160
	161
	162
	163
(D) 	164
	165
(D) 	166
	167
(D) 	168
(D) 	169
(D) 	170
(D) 	171
	172
(D) 	173
	174
(D) 	175
	176
	177
	178
	179
(D) 	180
(D) 	181
	182
	183
(D) 	184
	185
	186
(D) 	187
(D) 	188
	189
(D) 	190
	191
	192
	193
(D) 	194
	195
	196
	197
	198
	199
	200
	201
	202
(D) 	203
(D) 	204
	205
(D) 	206
(D) 	207
	208
(D) 	209
(D) 	210
	211
	212
	213
(D) 	214
(D) 	215
	216
	217
	218
(D) 	219
	220
(D) 	221
	222
	223
	224
(D) 	225
(D) 	226
(D) 	227
(D) 	228
	229
	230
(D) 	231
	232
	233
	234
	235
	236
(D) 	237
(D) 	238
(D) 	239
(D) 	240
	241
	242
	243
	244
(D) 	245
(D) 	246
(D) 	247
	248
(D) 	249
(D) 	250
	251
	252
	253
	254
(D) 	255
(D) 	256
(D) 	257
(D) 	258
(D) 	259
(D) 	260
	261
	262
	263
(D) 	264
	265
	266
	267
(D) 	268
(D) 	269
	270
	271
	272
(D) 	273
(D) 	274
(D) 	275
(D) 	276
	277
	278
	279
	280
	281
	282
(D) 	283
	284
	285
	286
	287
(D) 	288
	289
	290
	291
	292
(D) 	293
	294
(D) 	295
(D) 	296
	297
(D) 	298
(D) 	299
	300
	301
	302
	303
	304
(D) 	305
(D) 	306
(D) 	307
	308
	309
(D) 	310
	311
(D) 	312
(D) 	313
(D) 	314
	315
(D) 	316
(D) 	317
	318
	319
(D) 	320
(D) 	321
	322
(D) 	323
	324
(D) 	325
(D) 	326
(D) 	327
(D) 	328
(D) 	329
(D) 	330
	331
(D) 	332
	333
	334
(D) 	335
(D) 	336
	337
	338
(D) 	339
	340
	341
	342
(D) 	343
(D) 	344
(D) 	345
(D) 	346
	347
	348
	349
	350
	351
(D) 	352
(D) 	353
(D) 	354
(D) 	355
	356
	357
	358
	359
	360
	361
	362
	363
	364
(D) 	365
	366
(D) 	367
	368
	369
(D) 	370
	371
(D) 	372
(D) 	373
	374
	375
	376
	377
(D) 	378
	379
	380
(D) 	381
	382
	383
(D) 	384
(D) 	385
	386
(D) 	387
	388
	389
	390
(D) 	391
	392
	393
(D) 	394
	395
(D) 	396
(D) 	397
(D) 	398
(D) 	399
	400
(D) 	401
	402
(D) 	403
	404
(D) 	405
(D) 	406
	407
(D) 	408
(D) 	409
	410
(D) 	411
	412
(D) 	413
	414
	415
(D) 	416
(D) 	417
(D) 	418
(D) 	419
	420
	421
	422
(D) 	423
(D) 	424
(D) 	425
	426
	427
	428
	429
(D) 	430
	431
	432
	433
	434
(D) 	435
	436
	437
	438
	439
(D) 	440
(D) 	441
(D) 	442
	443
	444
	445
	446
	447
(D) 	448
(D) 	449
(D) 	450
	451
	452
	453
	454
(D) 	455
	456
(D) 	457
	458
	459
	460
	461
	462
(D) 	463
(D) 	464
	465
(D) 	466
(D) 	467
	468
(D) 	469
(D) 	470
	471
	472
(D) 	473
(D) 	474
(D) 	475
(D) 	476
(D) 	477
(D) 	478
(D) 	479
	480
(D) 	481
(D) 	482
(D) 	483
(D) 	484
	485
(D) 	486
(D) 	487
(D) 	488
	489
	490
(D) 	491
	492
	493
	494
(D) 	495
(D) 	496
	497
(D) 	498
	499
	500
	501
	502
	503
(D) 	504
	505
	506
	507
	508
	509
	510
	511
	512
(D) 	513
(D) 	514
(D) 	515
(D) 	516
	517
	518
(D) 	519
	520
	521
(D) 	522
	523
(D) 	524
	525
(D) 	526
	527
	528
	529
(D) 	530
	531
(D) 	532
(D) 	533
	534
	535
(D) 	536
	537
	538
(D) 	539
	540
	541
(D) 	542
	543
(D) 	544
	545
	546
	547
(D) 	548
	549
(D) 	550
	551
	552
	553
	554
(D) 	555
(D) 	556
(D) 	557
(D) 	558
	559
(D) 	560
	561
	562
	563
	564
	565
	566
	567
	568
	569
(D) 	570
	571
	572
	573
(D) 	574
	575
(D) 	576
(D) 	577
(D) 	578
	579
(D) 	580
(D) 	581
	582
	583
	584
	585
	586
	587
(D) 	588
	589
	590
	591
	592
(D) 	593
	594
(D) 	595
	596
(D) 	597
	598
	599
	600
	601
	602
	603
(D) 	604
	605
	606
	607
(D) 	608
(D) 	609
	610
	611
(D) 	612
	613
(D) 	614
(D) 	615
(D) 	616
	617
(D) 	618
	619
	620
(D) 	621
	622
(D) 	623
(D) 	624
	625
	626
(D) 	627
	628
	629
(D) 	630
(D) 	631
	632
	633
	634
	635
(D) 	636
	637
	638
	639
	640
	641
	642
(D) 	643
	644
	645
	646
	647
	648
	649
	650
	651
	652
	653
(D) 	654
	655
(D) 	656
	657
	658
(D) 	659
(D) 	660
(D) 	661
(D) 	662
	663
	664
(D) 	665
	666
	667
	668
	669
	670
	671
(D) 	672
	673
	674
	675
(D) 	676
(D) 	677
	678
(D) 	679
	680
	681
	682
(D) 	683
	684
	685
(D) 	686
(D) 	687
	688
(D) 	689
(D) 	690
(D) 	691
(D) 	692
(D) 	693
	694
	695
	696
	697
(D) 	698
(D) 	699
(D) 	700
(D) 	701
(D) 	702
	703
	704
	705
	706
	707
	708
(D) 	709
	710
(D) 	711
(D) 	712
	713
	714
	715
	716
	717
(D) 	718
	719
	720
	721
	722
	723
	724
(D) 	725
	726
	727
	728
(D) 	729
	730
(D) 	731
	732
	733
(D) 	734
	735
(D) 	736
	737
(D) 	738
	739
	740
(D) 	741
	742
(D) 	743
(D) 	744
	745
(D) 	746
	747
(D) 	748
(D) 	749
	750
	751
(D) 	752
	753
	754
	755
	756
(D) 	757
	758
(D) 	759
	760
	761
	762
	763
	764
	765
(D) 	766
(D) 	767
	768
(D) 	769
(D) 	770
	771
	772
	773
	774
	775
	776
(D) 	777
(D) 	778
	779
	780
	781
	782
	783
	784
	785
	786
	787
(D) 	788
(D) 	789
(D) 	790
(D) 	791
(D) 	792
(D) 	793
(D) 	794
	795
	796
(D) 	797
	798
(D) 	799
	800
(D) 	801
	802
(D) 	803
(D) 	804
	805
(D) 	806
	807
(D) 	808
	809
	810
(D) 	811
	812
(D) 	813
	814
	815
	816
	817
(D) 	818
	819
	820
	821
(D) 	822
	823
(D) 	824
(D) 	825
(D) 	826
(D) 	827
	828
	829
(D) 	830
	831
(D) 	832
(D) 	833
(D) 	834
	835
(D) 	836
(D) 	837
(D) 	838
	839
	840
	841
	842
	843
	844
(D) 	845
(D) 	846
	847
	848
	849
	850
(D) 	851
	852
	853
	854
	855
	856
(D) 	857
(D) 	858
	859
(D) 	860
(D) 	861
	862
	863
	864
	865
	866
(D) 	867
(D) 	868
	869
	870
	871
(D) 	872
(D) 	873
	874
	875
	876
(D) 	877
	878
	879
	880
(D) 	881
(D) 	882
(D) 	883
	884
	885
(D) 	886
	887
	888
	889
	890
	891
	892
(D) 	893
	894
(D) 	895
	896
(D) 	897
	898
	899
	900
	901
(D) 	902
	903
	904
(D) 	905
	906
	907
	908
	909
	910
(D) 	911
	912
	913
	914
(D) 	915
	916
	917
(D) 	918
	919
	920
	921
	922
	923
(D) 	924
	925
(D) 	926
(D) 	927
(D) 	928
(D) 	929
(D) 	930
	931
	932
(D) 	933
(D) 	934
	935
	936
	937
	938
	939
	940
(D) 	941
	942
(D) 	943
	944
	945
(D) 	946
	947
	948
	949
(D) 	950
	951
(D) 	952
	953
	954
(D) 	955
(D) 	956
(D) 	957
	958
	959
	960
(D) 	961
(D) 	962
(D) 	963
	964
(D) 	965
	966
	967
(D) 	968
(D) 	969
(D) 	970
	971
(D) 	972
(D) 	973
	974
(D) 	975
(D) 	976
	977
	978
	979
	980
	981
	982
(D) 	983
	984
	985
	986
	987
	988
(D) 	989
	990
	991
(D) 	992
	993
	994
	995
	996
(D) 	997
(D) 	998
	999
	1000
	1001
	1002
	1003
	1004
	1005
(D) 	1006
	1007
	1008
	1009
(D) 	1010
	1011
	1012
	1013
	1014
(D) 	1015
(D) 	1016
(D) 	1017
	1018
(D) 	1019
	1020
(D) 	1021
(D) 	1022
(D) 	1023
(D) 	1024
	1025
	1026
	1027
	1028
	1029
(D) 	1030
(D) 	1031
	1032
	1033
(D) 	1034
	1035
(D) 	1036
	1037
	1038
	1039
	1040
	1041
	1042
	1043
	1044
	1045
	1046
	1047
	1048
	1049
(D) 	1050
	1051
(D) 	1052
(D) 	1053
(D) 	1054
(D) 	1055
	1056
	1057
	1058
	1059
(D) 	1060
	1061
(D) 	1062
(D) 	1063
	1064
(D) 	1065
	1066
	1067
	1068
	1069
(D) 	1070
	1071
	1072
(D) 	1073
	1074
	1075
	1076
	1077
	1078
	1079
	1080
(D) 	1081
	1082
	1083
(D) 	1084
	1085
	1086
	1087
	1088
	1089
	1090
	1091
(D) 	1092
(D) 	1093
	1094
	1095
	1096
(D) 	1097
(D) 	1098
	1099
	1100
	1101
	1102
	1103
(D) 	1104
	1105
	1106
(D) 	1107
	1108
	1109
	1110
(D) 	1111
(D) 	1112
(D) 	1113
	1114
	1115
	1116
(D) 	1117
	1118
	1119
(D) 	1120
(D) 	1121
	1122
(D) 	1123
	1124
	1125
	1126
	1127
(D) 	1128
(D) 	1129
(D) 	1130
	1131
(D) 	1132
	1133
(D) 	1134
	1135
(D) 	1136
	1137
	1138
	1139
	1140
	1141
	1142
(D) 	1143
	1144
(D) 	1145
(D) 	1146
(D) 	1147
	1148
	1149
	1150
	1151
	1152
(D) 	1153
	1154
	1155
(D) 	1156
	1157
	1158
	1159
(D) 	1160
	1161
	1162
	1163
(D) 	1164
(D) 	1165
(D) 	1166
(D) 	1167
(D) 	1168
	1169
(D) 	1170
(D) 	1171
	1172
	1173
	1174
(D) 	1175
(D) 	1176
(D) 	1177
(D) 	1178
(D) 	1179
	1180
	1181
	1182
(D) 	1183
	1184
(D) 	1185
	1186
(D) 	1187
	1188
	1189
(D) 	1190
(D) 	1191
(D) 	1192
	1193
(D) 	1194
	1195
(D) 	1196
	1197
(D) 	1198
	1199
(D) 	1200
(D) 	1201
	1202
(D) 	1203
	1204
	1205
	1206
	1207
	1208
	1209
(D) 	1210
	1211
	1212
	1213
	1214
	1215
	1216
	1217
(D) 	1218
(D) 	1219
	1220
	1221
(D) 	1222
(D) 	1223
	1224
	1225
	1226
	1227
(D) 	1228
	1229
(D) 	1230
	1231
(D) 	1232
(D) 	1233
(D) 	1234
	1235
	1236
	1237
(D) 	1238
(D) 	1239
	1240
(D) 	1241
(D) 	1242
	1243
	1244
	1245
	1246
(D) 	1247
	1248
(D) 	1249
(D) 	1250
(D) 	1251
	1252
(D) 	1253
(D) 	1254
	1255
	1256
(D) 	1257
(D) 	1258
(D) 	1259
(D) 	1260
(D) 	1261
(D) 	1262
	1263
	1264
	1265
(D) 	1266
(D) 	1267
	1268
(D) 	1269
(D) 	1270
	1271
(D) 	1272
	1273
(D) 	1274
	1275
(D) 	1276
(D) 	1277
	1278
(D) 	1279
(D) 	1280
	1281
	1282
(D) 	1283
	1284
(D) 	1285
	1286
(D) 	1287
(D) 	1288
(D) 	1289
	1290
	1291
(D) 	1292
(D) 	1293
(D) 	1294
	1295
	1296
	1297
	1298
(D) 	1299
(D) 	1300
	1301
	1302
	1303
	1304
	1305
(D) 	1306
	1307
	1308
(D) 	1309
	1310
	1311
(D) 	1312
	1313
	1314
(D) 	1315
	1316
(D) 	1317
(D) 	1318
	1319
	1320
	1321
	1322
(D) 	1323
(D) 	1324
	1325
(D) 	1326
	1327
	1328
	1329
	1330
(D) 	1331
	1332
	1333
	1334
(D) 	1335
(D) 	1336
	1337
(D) 	1338
(D) 	1339
	1340
	1341
(D) 	1342
	1343
(D) 	1344
(D) 	1345
	1346
(D) 	1347
(D) 	1348
(D) 	1349
(D) 	1350
	1351
	1352
(D) 	1353
	1354
	1355
(D) 	1356
(D) 	1357
(D) 	1358
(D) 	1359
(D) 	1360
	1361
	1362
	1363
	1364
(D) 	1365
	1366
(D) 	1367
	1368
	1369
	1370
(D) 	1371
	1372
(D) 	1373
	1374
	1375
(D) 	1376
	1377
	1378
	1379
(D) 	1380
(D) 	1381
	1382
	1383
	1384
	1385
	1386
(D) 	1387
(D) 	1388
(D) 	1389
	1390
(D) 	1391
	1392
	1393
	1394
	1395
	1396
	1397
	1398
(D) 	1399
	1400
	1401
	1402
(D) 	1403
(D) 	1404
	1405
(D) 	1406
	1407
	1408
	1409
	1410
	1411
	1412
(D) 	1413
(D) 	1414
	1415
(D) 	1416
(D) 	1417
	1418
	1419
(D) 	1420
	1421
	1422
(D) 	1423
(D) 	1424
(D) 	1425
	1426
	1427
	1428
(D) 	1429
(D) 	1430
	1431
(D) 	1432
	1433
	1434
	1435
	1436
	1437
	1438
	1439
	1440
	1441
(D) 	1442
	1443
	1444
(D) 	1445
	1446
	1447
	1448
(D) 	1449
(D) 	1450
(D) 	1451
(D) 	1452
	1453
	1454
	1455
	1456
	1457
	1458
(D) 	1459
	1460
	1461
(D) 	1462
(D) 	1463
	1464
(D) 	1465
	1466
(D) 	1467
(D) 	1468
(D) 	1469
	1470
	1471
	1472
	1473
	1474
(D) 	1475
	1476
	1477
	1478
	1479
	1480
(D) 	1481
	1482
	1483
	1484
(D) 	1485
	1486
	1487
	1488
	1489
(D) 	1490
	1491
	1492
	1493
	1494
	1495
	1496
	1497
(D) 	1498
	1499
	1500
(D) 	1501
	1502
	1503
(D) 	1504
(D) 	1505
	1506
(D) 	1507
	1508
(D) 	1509
(D) 	1510
	1511
	1512
	1513
(D) 	1514
	1515
	1516
	1517
(D) 	1518
	1519
	1520
	1521
(D) 	1522
	1523
(D) 	1524
	1525
	1526
	1527
	1528
(D) 	1529
	1530
(D) 	1531
	1532
	1533
	1534
(D) 	1535
	1536
(D) 	1537
(D) 	1538
(D) 	1539
(D) 	1540
(D) 	1541
(D) 	1542
(D) 	1543
(D) 	1544
	1545
	1546
(D) 	1547
	1548
(D) 	1549
	1550
(D) 	1551
	1552
	1553
	1554
(D) 	1555
	1556
(D) 	1557
	1558
	1559
	1560
	1561
(D) 	1562
	1563
	1564
(D) 	1565
	1566
	1567
(D) 	1568
(D) 	1569
(D) 	1570
	1571
	1572
(D) 	1573
	1574
	1575
(D) 	1576
	1577
	1578
	1579
(D) 	1580
	1581
	1582
(D) 	1583
	1584
	1585
(D) 	1586
	1587
(D) 	1588
	1589
(D) 	1590
	1591
	1592
	1593
	1594
	1595
	1596
	1597
(D) 	1598
(D) 	1599
(D) 	1600
	1601
	1602
(D) 	1603
	1604
(D) 	1605
	1606
	1607
	1608
	1609
	1610
(D) 	1611
	1612
	1613
(D) 	1614
(D) 	1615
	1616
	1617
	1618
	1619
	1620
(D) 	1621
(D) 	1622
	1623
	1624
	1625
(D) 	1626
	1627
(D) 	1628
(D) 	1629
	1630
	1631
	1632
(D) 	1633
(D) 	1634
	1635
	1636
(D) 	1637
	1638
	1639
	1640
(D) 	1641
	1642
	1643
(D) 	1644
(D) 	1645
	1646
(D) 	1647
(D) 	1648
(D) 	1649
	1650
	1651
(D) 	1652
	1653
	1654
(D) 	1655
	1656
	1657
(D) 	1658
	1659
	1660
(D) 	1661
(D) 	1662
	1663
(D) 	1664
	1665
(D) 	1666
(D) 	1667
(D) 	1668
	1669
	1670
(D) 	1671
(D) 	1672
(D) 	1673
(D) 	1674
	1675
(D) 	1676
(D) 	1677
	1678
	1679
	1680
(D) 	1681
	1682
	1683
(D) 	1684
	1685
(D) 	1686
	1687
(D) 	1688
	1689
(D) 	1690
(D) 	1691
	1692
(D) 	1693
	1694
(D) 	1695
(D) 	1696
	1697
(D) 	1698
(D) 	1699
	1700
	1701
(D) 	1702
	1703
(D) 	1704
	1705
	1706
(D) 	1707
	1708
	1709
	1710
(D) 	1711
(D) 	1712
(D) 	1713
	1714
	1715
(D) 	1716
	1717
(D) 	1718
	1719
	1720
	1721
	1722
(D) 	1723
	1724
	1725
(D) 	1726
	1727
	1728
	1729
(D) 	1730
	1731
	1732
	1733
	1734
	1735
	1736
	1737
	1738
	1739
(D) 	1740
	1741
	1742
(D) 	1743
	1744
	1745
	1746
(D) 	1747
	1748
	1749
	1750
	1751
	1752
(D) 	1753
	1754
	1755
(D) 	1756
(D) 	1757
	1758
	1759
(D) 	1760
	1761
	1762
(D) 	1763
	1764
	1765
	1766
	1767
	1768
(D) 	1769
(D) 	1770
	1771
	1772
	1773
(D) 	1774
	1775
(D) 	1776
(D) 	1777
(D) 	1778
	1779
	1780
	1781
	1782
	1783
	1784
	1785
	1786
(D) 	1787
	1788
	1789
(D) 	1790
	1791
(D) 	1792
	1793
(D) 	1794
	1795
	1796
	1797
	1798
	1799
(D) 	1800
	1801
	1802
	1803
	1804
(D) 	1805
	1806
	1807
	1808
(D) 	1809
	1810
	1811
	1812
(D) 	1813
	1814
(D) 	1815
	1816
	1817
(D) 	1818
	1819
	1820
(D) 	1821
(D) 	1822
	1823
(D) 	1824
	1825
	1826
	1827
	1828
(D) 	1829
	1830
	1831
	1832
	1833
	1834
(D) 	1835
(D) 	1836
	1837
	1838
(D) 	1839
(D) 	1840
	1841
(D) 	1842
	1843
	1844
	1845
(D) 	1846
(D) 	1847
	1848
(D) 	1849
	1850
	1851
(D) 	1852
(D) 	1853
(D) 	1854
(D) 	1855
	1856
(D) 	1857
	1858
	1859
	1860
(D) 	1861
	1862
(D) 	1863
	1864
(D) 	1865
	1866
	1867
(D) 	1868
(D) 	1869
(D) 	1870
	1871
(D) 	1872
(D) 	1873
	1874
(D) 	1875
(D) 	1876
	1877
	1878
(D) 	1879
(D) 	1880
(D) 	1881
	1882
	1883
	1884
	1885
	1886
	1887
(D) 	1888
	1889
(D) 	1890
	1891
(D) 	1892
(D) 	1893
(D) 	1894
	1895
	1896
	1897
(D) 	1898
	1899
	1900
	1901
	1902
	1903
	1904
	1905
	1906
	1907
	1908
(D) 	1909
	1910
	1911
	1912
	1913
	1914
	1915
	1916
	1917
	1918
(D) 	1919
	1920
	1921
	1922
	1923
(D) 	1924
(D) 	1925
	1926
	1927
	1928
	1929
(D) 	1930
(D) 	1931
	1932
	1933
(D) 	1934
	1935
	1936
(D) 	1937
(D) 	1938
(D) 	1939
(D) 	1940
(D) 	1941
(D) 	1942
	1943
(D) 	1944
	1945
	1946
(D) 	1947
	1948
	1949
	1950
	1951
	1952
(D) 	1953
	1954
	1955
(D) 	1956
(D) 	1957
	1958
(D) 	1959
	1960
	1961
	1962
	1963
(D) 	1964
	1965
(D) 	1966
	1967
	1968
	1969
(D) 	1970
	1971
	1972
	1973
(D) 	1974
	1975
	1976
(D) 	1977
	1978
	1979
	1980
(D) 	1981
(D) 	1982
(D) 	1983
(D) 	1984
(D) 	1985
(D) 	1986
	1987
	1988
(D) 	1989
	1990
(D) 	1991
(D) 	1992
(D) 	1993
	1994
(D) 	1995
(D) 	1996
(D) 	1997
	1998
	1999
(D) 	2000
	2001
	2002
	2003
	2004
	2005
	2006
	2007
	2008
	2009
	2010
(D) 	2011
	2012
	2013
(D) 	2014
	2015
	2016
	2017
	2018
(D) 	2019
(D) 	2020
	2021
	2022
	2023
(D) 	2024
	2025
	2026
	2027
(D) 	2028
(D) 	2029
	2030
	2031
	2032
	2033
	2034
	2035
	2036
(D) 	2037
(D) 	2038
	2039
(D) 	2040
	2041
	2042
	2043
(D) 	2044
(D) 	2045
(D) 	2046
(D) 	2047
	2048
	2049
(D) 	2050
	2051
	2052
(D) 	2053
	2054
	2055
(D) 	2056
(D) 	2057
	2058
	2059
	2060
	2061
	2062
(D) 	2063
	2064
	2065
	2066
	2067
(D) 	2068
	2069
(D) 	2070
(D) 	2071
	2072
	2073
(D) 	2074
	2075
	2076
	2077
	2078
	2079
(D) 	2080
(D) 	2081
	2082
	2083
(D) 	2084
(D) 	2085
(D) 	2086
(D) 	2087
(D) 	2088
	2089
	2090
	2091
(D) 	2092
	2093
(D) 	2094
(D) 	2095
(D) 	2096
(D) 	2097
(D) 	2098
	2099
	2100
(D) 	2101
	2102
(D) 	2103
(D) 	2104
	2105
	2106
(D) 	2107
(D) 	2108
	2109
	2110
(D) 	2111
	2112
	2113
(D) 	2114
(D) 	2115
(D) 	2116
	2117
	2118
	2119
	2120
	2121
	2122
(D) 	2123
	2124
(D) 	2125
	2126
	2127
	2128
	2129
	2130
	2131
	2132
	2133
(D) 	2134
(D) 	2135
	2136
(D) 	2137
	2138
	2139
(D) 	2140
	2141
(D) 	2142
	2143
	2144
(D) 	2145
	2146
(D) 	2147
(D) 	2148
	2149
	2150
	2151
	2152
	2153
	2154
(D) 	2155
(D) 	2156
(D) 	2157
	2158
	2159
(D) 	2160
(D) 	2161
	2162
	2163
(D) 	2164
	2165
(D) 	2166
(D) 	2167
(D) 	2168
	2169
	2170
	2171
(D) 	2172
(D) 	2173
	2174
	2175
	2176
	2177
	2178
(D) 	2179
	2180
	2181
	2182
	2183
	2184
	2185
	2186
	2187
(D) 	2188
(D) 	2189
	2190
	2191
	2192
	2193
	2194
	2195
	2196
	2197
	2198
(D) 	2199
	2200
	2201
	2202
	2203
	2204
	2205
(D) 	2206
	2207
	2208
(D) 	2209
	2210
(D) 	2211
	2212
(D) 	2213
(D) 	2214
(D) 	2215
	2216
	2217
	2218
(D) 	2219
(D) 	2220
(D) 	2221
(D) 	2222
	2223
(D) 	2224
(D) 	2225
	2226
	2227
	2228
	2229
(D) 	2230
	2231
(D) 	2232
	2233
(D) 	2234
(D) 	2235
(D) 	2236
(D) 	2237
(D) 	2238
(D) 	2239
	2240
	2241
(D) 	2242
(D) 	2243
	2244
	2245
(D) 	2246
	2247
	2248
(D) 	2249
(D) 	2250
(D) 	2251
(D) 	2252
	2253
(D) 	2254
	2255
(D) 	2256
(D) 	2257
	2258
	2259
	2260
(D) 	2261
	2262
(D) 	2263
(D) 	2264
	2265
(D) 	2266
(D) 	2267
	2268
	2269
	2270
	2271
	2272
(D) 	2273
(D) 	2274
	2275
	2276
	2277
(D) 	2278
	2279
(D) 	2280
	2281
(D) 	2282
	2283
(D) 	2284
	2285
(D) 	2286
	2287
	2288
(D) 	2289
(D) 	2290
(D) 	2291
	2292
(D) 	2293
(D) 	2294
	2295
(D) 	2296
(D) 	2297
	2298
(D) 	2299
(D) 	2300
	2301
	2302
(D) 	2303
	2304
(D) 	2305
	2306
(D) 	2307
	2308
	2309
	2310
(D) 	2311
	2312
(D) 	2313
(D) 	2314
(D) 	2315
(D) 	2316
	2317
	2318
	2319
	2320
(D) 	2321
	2322
	2323
(D) 	2324
	2325
(D) 	2326
	2327
(D) 	2328
	2329
(D) 	2330
	2331
	2332
	2333
	2334
	2335
	2336
	2337
(D) 	2338
	2339
	2340
	2341
	2342
	2343
(D) 	2344
	2345
	2346
	2347
	2348
	2349
	2350
	2351
(D) 	2352
(D) 	2353
	2354
	2355
(D) 	2356
	2357
(D) 	2358
(D) 	2359
	2360
	2361
	2362
	2363
	2364
(D) 	2365
	2366
(D) 	2367
	2368
	2369
	2370
(D) 	2371
	2372
	2373
	2374
	2375
	2376
(D) 	2377
	2378
	2379
	2380
	2381
	2382
(D) 	2383
	2384
	2385
	2386
(D) 	2387
(D) 	2388
	2389
(D) 	2390
	2391
	2392
	2393
	2394
	2395
	2396
(D) 	2397
(D) 	2398
(D) 	2399
	2400
	2401
	2402
(D) 	2403
(D) 	2404
	2405
	2406
(D) 	2407
(D) 	2408
	2409
(D) 	2410
(D) 	2411
(D) 	2412
(D) 	2413
(D) 	2414
(D) 	2415
(D) 	2416
(D) 	2417
(D) 	2418
	2419
	2420
(D) 	2421
	2422
	2423
(D) 	2424
(D) 	2425
(D) 	2426
	2427
	2428
(D) 	2429
	2430
	2431
	2432
	2433
	2434
	2435
	2436
	2437
	2438
	2439
(D) 	2440
(D) 	2441
	2442
	2443
(D) 	2444
	2445
	2446
	2447
(D) 	2448
	2449
	2450
(D) 	2451
(D) 	2452
	2453
	2454
(D) 	2455
	2456
(D) 	2457
(D) 	2458
	2459
	2460
	2461
(D) 	2462
(D) 	2463
	2464
(D) 	2465
	2466
	2467
	2468
(D) 	2469
(D) 	2470
(D) 	2471
(D) 	2472
(D) 	2473
	2474
	2475
(D) 	2476
	2477
	2478
	2479
	2480
	2481
	2482
	2483
	2484
	2485
	2486
	2487
	2488
	2489
(D) 	2490
(D) 	2491
	2492
	2493
(D) 	2494
	2495
(D) 	2496
(D) 	2497
(D) 	2498
	2499
	2500
	2501
	2502
(D) 	2503
	2504
(D) 	2505
	2506
(D) 	2507
(D) 	2508
(D) 	2509
	2510
	2511
(D) 	2512
	2513
	2514
	2515
	2516
(D) 	2517
	2518
	2519
(D) 	2520
	2521
	2522
	2523
	2524
(D) 	2525
	2526
(D) 	2527
	2528
	2529
(D) 	2530
(D) 	2531
(D) 	2532
(D) 	2533
(D) 	2534
(D) 	2535
	2536
	2537
	2538
	2539
	2540
	2541
(D) 	2542
	2543
	2544
(D) 	2545
(D) 	2546
	2547
(D) 	2548
(D) 	2549
	2550
	2551
	2552
	2553
(D) 	2554
	2555
	2556
(D) 	2557
	2558
	2559
	2560
(D) 	2561
	2562
(D) 	2563
	2564
(D) 	2565
	2566
(D) 	2567
(D) 	2568
(D) 	2569
	2570
	2571
(D) 	2572
(D) 	2573
	2574
	2575
	2576
	2577
	2578
	2579
	2580
(D) 	2581
	2582
	2583
(D) 	2584
	2585
(D) 	2586
	2587
(D) 	2588
	2589
(D) 	2590
	2591
	2592
	2593
(D) 	2594
(D) 	2595
	2596
	2597
	2598
(D) 	2599
	2600
	2601
	2602
(D) 	2603
	2604
	2605
	2606
	2607
	2608
	2609
(D) 	2610
	2611
	2612
(D) 	2613
	2614
(D) 	2615
	2616
	2617
	2618
	2619
(D) 	2620
	2621
(D) 	2622
(D) 	2623
(D) 	2624
(D) 	2625
(D) 	2626
	2627
	2628
(D) 	2629
	2630
(D) 	2631
(D) 	2632
(D) 	2633
	2634
	2635
(D) 	2636
	2637
	2638
	2639
	2640
	2641
	2642
(D) 	2643
(D) 	2644
(D) 	2645
	2646
	2647
	2648
(D) 	2649
(D) 	2650
	2651
	2652
	2653
	2654
	2655
(D) 	2656
(D) 	2657
(D) 	2658
(D) 	2659
(D) 	2660
	2661
	2662
	2663
(D) 	2664
(D) 	2665
	2666
(D) 	2667
(D) 	2668
	2669
(D) 	2670
	2671
	2672
	2673
	2674
(D) 	2675
(D) 	2676
	2677
	2678
(D) 	2679
	2680
	2681
(D) 	2682
	2683
	2684
	2685
	2686
(D) 	2687
	2688
(D) 	2689
	2690
(D) 	2691
	2692
(D) 	2693
(D) 	2694
	2695
	2696
	2697
(D) 	2698
	2699
(D) 	2700
	2701
	2702
(D) 	2703
	2704
(D) 	2705
	2706
(D) 	2707
(D) 	2708
	2709
(D) 	2710
	2711
(D) 	2712
(D) 	2713
	2714
(D) 	2715
	2716
(D) 	2717
	2718
	2719
	2720
	2721
	2722
(D) 	2723
(D) 	2724
	2725
(D) 	2726
	2727
	2728
	2729
(D) 	2730
	2731
	2732
	2733
	2734
	2735
	2736
	2737
(D) 	2738
(D) 	2739
(D) 	2740
	2741
	2742
	2743
(D) 	2744
	2745
	2746
	2747
	2748
	2749
	2750
	2751
	2752
	2753
(D) 	2754
(D) 	2755
(D) 	2756
(D) 	2757
	2758
(D) 	2759
	2760
(D) 	2761
(D) 	2762
	2763
(D) 	2764
(D) 	2765
	2766
(D) 	2767
	2768
	2769
	2770
	2771
	2772
	2773
(D) 	2774
	2775
(D) 	2776
(D) 	2777
	2778
	2779
	2780
	2781
	2782
(D) 	2783
(D) 	2784
	2785
	2786
	2787
	2788
	2789
(D) 	2790
(D) 	2791
	2792
	2793
	2794
	2795
	2796
	2797
(D) 	2798
	2799
(D) 	2800
(D) 	2801
	2802
(D) 	2803
	2804
	2805
(D) 	2806
	2807
	2808
(D) 	2809
(D) 	2810
	2811
(D) 	2812
	2813
(D) 	2814
	2815
	2816
	2817
	2818
	2819
(D) 	2820
(D) 	2821
	2822
(D) 	2823
	2824
	2825
	2826
(D) 	2827
	2828
	2829
(D) 	2830
(D) 	2831
	2832
(D) 	2833
	2834
	2835
	2836
	2837
	2838
	2839
	2840
(D) 	2841
(D) 	2842
	2843
(D) 	2844
	2845
	2846
	2847
(D) 	2848
	2849
	2850
	2851
	2852
	2853
	2854
(D) 	2855
(D) 	2856
(D) 	2857
	2858
(D) 	2859
(D) 	2860
	2861
(D) 	2862
	2863
(D) 	2864
	2865
	2866
(D) 	2867
	2868
(D) 	2869
	2870
(D) 	2871
	2872
	2873
	2874
(D) 	2875
	2876
	2877
(D) 	2878
	2879
	2880
	2881
	2882
	2883
(D) 	2884
(D) 	2885
	2886
	2887
(D) 	2888
	2889
(D) 	2890
(D) 	2891
(D) 	2892
	2893
	2894
	2895
	2896
	2897
(D) 	2898
	2899
(D) 	2900
(D) 	2901
	2902
(D) 	2903
(D) 	2904
	2905
(D) 	2906
(D) 	2907
	2908
	2909
(D) 	2910
(D) 	2911
	2912
(D) 	2913
	2914
	2915
(D) 	2916
(D) 	2917
	2918
(D) 	2919
(D) 	2920
(D) 	2921
(D) 	2922
	2923
	2924
(D) 	2925
(D) 	2926
(D) 	2927
	2928
	2929
(D) 	2930
	2931
(D) 	2932
	2933
	2934
	2935
	2936
	2937
(D) 	2938
(D) 	2939
	2940
	2941
	2942
	2943
(D) 	2944
	2945
	2946
(D) 	2947
	2948
(D) 	2949
	2950
	2951
(D) 	2952
(D) 	2953
	2954
	2955
	2956
	2957
(D) 	2958
	2959
(D) 	2960
	2961
(D) 	2962
	2963
	2964
	2965
(D) 	2966
(D) 	2967
(D) 	2968
	2969
	2970
	2971
(D) 	2972
	2973
	2974
	2975
	2976
(D) 	2977
(D) 	2978
	2979
	2980
	2981
	2982
	2983
	2984
(D) 	2985
	2986
	2987
	2988
	2989
	2990
(D) 	2991
	2992
	2993
	2994
	2995
(D) 	2996
(D) 	2997
	2998
	2999
(D) 	3000
	3001
(D) 	3002
	3003
	3004
(D) 	3005
	3006
	3007
(D) 	3008
(D) 	3009
	3010
	3011
(D) 	3012
	3013
	3014
	3015
(D) 	3016
	3017
	3018
(D) 	3019
(D) 	3020
	3021
	3022
(D) 	3023
	3024
	3025
	3026
(D) 	3027
(D) 	3028
	3029
(D) 	3030
	3031
(D) 	3032
(D) 	3033
(D) 	3034
(D) 	3035
	3036
(D) 	3037
(D) 	3038
(D) 	3039
	3040
	3041
	3042
	3043
	3044
(D) 	3045
	3046
	3047
(D) 	3048
(D) 	3049
	3050
	3051
	3052
(D) 	3053
	3054
	3055
	3056
(D) 	3057
	3058
(D) 	3059
	3060
(D) 	3061
(D) 	3062
	3063
	3064
(D) 	3065
(D) 	3066
	3067
(D) 	3068
(D) 	3069
	3070
(D) 	3071
	3072
	3073
(D) 	3074
(D) 	3075
(D) 	3076
	3077
	3078
	3079
	3080
	3081
(D) 	3082
	3083
	3084
(D) 	3085
	3086
(D) 	3087
(D) 	3088
(D) 	3089
	3090
	3091
	3092
	3093
	3094
	3095
(D) 	3096
	3097
(D) 	3098
	3099
	3100
	3101
(D) 	3102
(D) 	3103
	3104
	3105
	3106
	3107
(D) 	3108
	3109
	3110
(D) 	3111
	3112
	3113
	3114
	3115
	3116
(D) 	3117
	3118
	3119
	3120
(D) 	3121
	3122
	3123
	3124
(D) 	3125
	3126
(D) 	3127
(D) 	3128
	3129
	3130
(D) 	3131
(D) 	3132
	3133
	3134
(D) 	3135
(D) 	3136
(D) 	3137
	3138
(D) 	3139
(D) 	3140
(D) 	3141
(D) 	3142
(D) 	3143
(D) 	3144
(D) 	3145
	3146
	3147
(D) 	3148
	3149
	3150
	3151
	3152
	3153
	3154
	3155
	3156
(D) 	3157
	3158
	3159
(D) 	3160
(D) 	3161
	3162
	3163
	3164
(D) 	3165
(D) 	3166
	3167
	3168
	3169
(D) 	3170
	3171
(D) 	3172
(D) 	3173
(D) 	3174
	3175
	3176
	3177
(D) 	3178
	3179
	3180
(D) 	3181
	3182
(D) 	3183
	3184
	3185
	3186
	3187
	3188
(D) 	3189
(D) 	3190
	3191
	3192
(D) 	3193
	3194
	3195
	3196
	3197
	3198
	3199
	3200
(D) 	3201
	3202
	3203
	3204
(D) 	3205
(D) 	3206
	3207
(D) 	3208
(D) 	3209
	3210
	3211
	3212
	3213
(D) 	3214
	3215
	3216
	3217
	3218
	3219
(D) 	3220
(D) 	3221
	3222
(D) 	3223
	3224
	3225
(D) 	3226
	3227
	3228
(D) 	3229
	3230
	3231
(D) 	3232
(D) 	3233
(D) 	3234
(D) 	3235
(D) 	3236
(D) 	3237
	3238
(D) 	3239
	3240
(D) 	3241
	3242
	3243
	3244
(D) 	3245
	3246
(D) 	3247
(D) 	3248
	3249
	3250
(D) 	3251
(D) 	3252
	3253
	3254
(D) 	3255
	3256
(D) 	3257
(D) 	3258
	3259
	3260
	3261
	3262
	3263
	3264
	3265
	3266
	3267
(D) 	3268
	3269
	3270
	3271
	3272
	3273
	3274
	3275
(D) 	3276
	3277
	3278
(D) 	3279
	3280
(D) 	3281
(D) 	3282
	3283
	3284
	3285
	3286
	3287
	3288
	3289
	3290
(D) 	3291
(D) 	3292
	3293
(D) 	3294
	3295
	3296
	3297
	3298
	3299
(D) 	3300
(D) 	3301
(D) 	3302
	3303
(D) 	3304
(D) 	3305
	3306
	3307
	3308
	3309
	3310
	3311
(D) 	3312
(D) 	3313
	3314
	3315
	3316
	3317
(D) 	3318
	3319
(D) 	3320
	3321
	3322
	3323
	3324
(D) 	3325
(D) 	3326
	3327
	3328
	3329
(D) 	3330
	3331
	3332
	3333
	3334
	3335
	3336
(D) 	3337
(D) 	3338
	3339
	3340
	3341
(D) 	3342
	3343
	3344
	3345
(D) 	3346
	3347
	3348
	3349
	3350
	3351
(D) 	3352
(D) 	3353
(D) 	3354
	3355
	3356
	3357
(D) 	3358
(D) 	3359
	3360
	3361
	3362
	3363
	3364
(D) 	3365
(D) 	3366
	3367
(D) 	3368
	3369
	3370
	3371
	3372
(D) 	3373
	3374
(D) 	3375
(D) 	3376
	3377
	3378
	3379
(D) 	3380
	3381
	3382
(D) 	3383
(D) 	3384
	3385
	3386
	3387
	3388
(D) 	3389
(D) 	3390
	3391
	3392
	3393
(D) 	3394
(D) 	3395
	3396
	3397
(D) 	3398
	3399
(D) 	3400
	3401
	3402
	3403
	3404
	3405
(D) 	3406
	3407
(D) 	3408
	3409
	3410
(D) 	3411
(D) 	3412
(D) 	3413
(D) 	3414
	3415
	3416
	3417
(D) 	3418
	3419
	3420
(D) 	3421
	3422
	3423
(D) 	3424
(D) 	3425
	3426
	3427
(D) 	3428
	3429
(D) 	3430
	3431
(D) 	3432
	3433
	3434
(D) 	3435
	3436
(D) 	3437
(D) 	3438
	3439
	3440
(D) 	3441
(D) 	3442
(D) 	3443
	3444
	3445
(D) 	3446
(D) 	3447
	3448
(D) 	3449
(D) 	3450
	3451
	3452
	3453
	3454
(D) 	3455
	3456
	3457
	3458
	3459
(D) 	3460
(D) 	3461
	3462
(D) 	3463
	3464
	3465
(D) 	3466
	3467
	3468
(D) 	3469
	3470
	3471
	3472
(D) 	3473
	3474
	3475
	3476
	3477
	3478
	3479
	3480
	3481
(D) 	3482
(D) 	3483
	3484
	3485
	3486
	3487
(D) 	3488
	3489
	3490
(D) 	3491
(D) 	3492
	3493
(D) 	3494
	3495
	3496
(D) 	3497
	3498
(D) 	3499
	3500
	3501
	3502
	3503
	3504
(D) 	3505
(D) 	3506
	3507
	3508
(D) 	3509
(D) 	3510
	3511
	3512
	3513
	3514
(D) 	3515
	3516
	3517
	3518
(D) 	3519
(D) 	3520
(D) 	3521
	3522
(D) 	3523
	3524
(D) 	3525
	3526
	3527
	3528
	3529
(D) 	3530
(D) 	3531
	3532
	3533
	3534
	3535
	3536
(D) 	3537
	3538
	3539
	3540
	3541
(D) 	3542
	3543
	3544
	3545
	3546
(D) 	3547
(D) 	3548
	3549
	3550
(D) 	3551
(D) 	3552
	3553
	3554
(D) 	3555
(D) 	3556
	3557
(D) 	3558
	3559
(D) 	3560
(D) 	3561
	3562
	3563
	3564
	3565
(D) 	3566
	3567
	3568
	3569
(D) 	3570
	3571
(D) 	3572
	3573
(D) 	3574
(D) 	3575
	3576
	3577
(D) 	3578
(D) 	3579
	3580
	3581
	3582
	3583
	3584
	3585
(D) 	3586
(D) 	3587
(D) 	3588
(D) 	3589
	3590
	3591
	3592
(D) 	3593
(D) 	3594
(D) 	3595
	3596
(D) 	3597
	3598
(D) 	3599
(D) 	3600
(D) 	3601
(D) 	3602
(D) 	3603
(D) 	3604
	3605
	3606
(D) 	3607
(D) 	3608
(D) 	3609
(D) 	3610
(D) 	3611
(D) 	3612
(D) 	3613
	3614
	3615
(D) 	3616
(D) 	3617
	3618
	3619
	3620
(D) 	3621
(D) 	3622
(D) 	3623
	3624
	3625
	3626
	3627
	3628
	3629
(D) 	3630
	3631
(D) 	3632
(D) 	3633
(D) 	3634
(D) 	3635
	3636
(D) 	3637
(D) 	3638
(D) 	3639
(D) 	3640
	3641
(D) 	3642
	3643
(D) 	3644
	3645
	3646
	3647
	3648
(D) 	3649
	3650
	3651
	3652
	3653
	3654
	3655
(D) 	3656
(D) 	3657
(D) 	3658
	3659
(D) 	3660
	3661
(D) 	3662
(D) 	3663
(D) 	3664
(D) 	3665
(D) 	3666
(D) 	3667
(D) 	3668
	3669
	3670
(D) 	3671
(D) 	3672
(D) 	3673
	3674
(D) 	3675
(D) 	3676
(D) 	3677
(D) 	3678
	3679
	3680
	3681
	3682
	3683
(D) 	3684
	3685
	3686
(D) 	3687
(D) 	3688
(D) 	3689
	3690
	3691
	3692
	3693
	3694
(D) 	3695
	3696
	3697
(D) 	3698
	3699
	3700
	3701
	3702
	3703
	3704
(D) 	3705
	3706
	3707
	3708
	3709
	3710
	3711
	3712
	3713
(D) 	3714
	3715
	3716
	3717
	3718
	3719
	3720
(D) 	3721
(D) 	3722
	3723
	3724
(D) 	3725
(D) 	3726
	3727
	3728
	3729
	3730
	3731
	3732
(D) 	3733
(D) 	3734
	3735
	3736
	3737
	3738
(D) 	3739
	3740
	3741
(D) 	3742
	3743
(D) 	3744
	3745
(D) 	3746
	3747
	3748
(D) 	3749
(D) 	3750
(D) 	3751
	3752
	3753
(D) 	3754
(D) 	3755
	3756
(D) 	3757
(D) 	3758
(D) 	3759
	3760
	3761
(D) 	3762
	3763
	3764
(D) 	3765
	3766
	3767
	3768
	3769
	3770
	3771
	3772
	3773
	3774
	3775
	3776
(D) 	3777
(D) 	3778
	3779
(D) 	3780
	3781
(D) 	3782
	3783
	3784
	3785
	3786
(D) 	3787
	3788
	3789
(D) 	3790
	3791
	3792
(D) 	3793
	3794
(D) 	3795
	3796
	3797
(D) 	3798
	3799
(D) 	3800
	3801
	3802
(D) 	3803
	3804
	3805
	3806
	3807
	3808
	3809
(D) 	3810
	3811
	3812
	3813
(D) 	3814
(D) 	3815
	3816
	3817
(D) 	3818
	3819
(D) 	3820
	3821
(D) 	3822
(D) 	3823
	3824
(D) 	3825
(D) 	3826
(D) 	3827
	3828
(D) 	3829
(D) 	3830
	3831
(D) 	3832
	3833
	3834
(D) 	3835
	3836
	3837
(D) 	3838
	3839
	3840
(D) 	3841
	3842
	3843
	3844
(D) 	3845
(D) 	3846
	3847
(D) 	3848
	3849
(D) 	3850
	3851
(D) 	3852
	3853
	3854
(D) 	3855
(D) 	3856
	3857
	3858
(D) 	3859
(D) 	3860
	3861
(D) 	3862
(D) 	3863
	3864
	3865
(D) 	3866
	3867
(D) 	3868
	3869
(D) 	3870
(D) 	3871
	3872
(D) 	3873
	3874
(D) 	3875
	3876
(D) 	3877
	3878
(D) 	3879
	3880
(D) 	3881
(D) 	3882
	3883
(D) 	3884
	3885
	3886
	3887
	3888
	3889
	3890
	3891
	3892
(D) 	3893
(D) 	3894
(D) 	3895
(D) 	3896
	3897
