A	H	MIN	AVG	VSD	TIME	TSD
data/soc-gplus.txt
2 	1 	8329	8334.00	3.58	4.37	0.13
2 	2 	8398	8410.40	13.63	9.30	0.25
2 	3 	8329	8332.40	2.33	7.34	0.25
2 	4 	8327	8331.20	5.00	9.54	0.04



data/graph_CA-CondMat.txt
2 	1 	9950	9972.80	13.64	3.96	0.16
2 	2 	10480	10498.20	13.08	10.93	0.21
2 	3 	9925	9955.00	16.60	7.47	0.15
2 	4 	9946	9960.00	11.92	10.35	0.20



data/graph_CA-AstroPh.txt
2 	1 	7067	7088.60	14.16	5.19	0.13
2 	2 	7888	7898.60	9.05	10.44	0.18
2 	3 	7053	7060.40	4.72	8.05	0.13
2 	4 	7048	7063.20	12.51	9.93	0.19



data/graph_CA-HepPh.txt
2 	1 	4872	4883.20	11.86	3.11	0.12
2 	2 	5456	5460.20	2.99	6.21	0.08
2 	3 	4863	4871.40	5.95	4.99	0.16
2 	4 	4852	4872.40	11.55	5.95	0.16



data/graph_actors_dat.txt
2 	1 	3256	3267.80	12.69	2.87	0.09
2 	2 	3401	3412.00	6.54	4.83	0.06
2 	3 	3246	3253.40	5.68	4.31	0.11
2 	4 	3237	3241.00	4.15	4.84	0.08



data/ego-facebook.txt
2 	1 	1978	1979.20	0.98	1.24	0.04
2 	2 	2104	2117.00	9.03	2.40	0.12
2 	3 	1977	1977.60	0.49	1.79	0.07
2 	4 	1977	1978.60	1.02	1.98	0.07



data/socfb-Brandeis99.txt
2 	1 	1506	1513.40	4.84	7.63	0.27
2 	2 	1528	1546.80	10.46	8.33	0.47
2 	3 	1489	1492.40	1.85	8.06	0.38
2 	4 	1482	1491.20	5.19	8.08	0.37



data/socfb-Mich67.txt
2 	1 	1427	1439.60	7.00	2.76	0.13
2 	2 	1545	1552.00	4.73	3.32	0.25
2 	3 	1421	1426.80	4.17	3.06	0.19
2 	4 	1423	1427.60	3.44	3.15	0.26



data/graph_jazz.txt
2 	1 	83	85.40	1.36	0.15	0.00
2 	2 	83	83.80	0.75	0.17	0.00
2 	3 	82	84.40	1.50	0.18	0.01
2 	4 	83	84.40	1.20	0.19	0.01



data/graph_football.txt
2 	1 	67	68.00	0.63	0.12	0.00
2 	2 	68	68.80	0.75	0.13	0.00
2 	3 	66	67.40	0.80	0.14	0.01
2 	4 	66	67.00	0.63	0.14	0.00



END
